53010
4306
33470
82447
21877
4338
2592
72988
54440
2589
14047
53643
38426
82441
41511
3182
21840
14256
14342
41510
2321
2320
21844
41594
14341
41593
14227
14048
4305
98619
4291
2997
42253
4337
4339
92960
21842
24271
21845
41595
8343
10285
21883
21881
2996
24272
23855
23854
52341
76061
89112
52328
7082
52325
22574
52327
52329
52326
37705
22573
7069
36860
37701
21884
7075
7080
37700
22577
37702
35627
35625
7081
12808
7077
21885
7078
35623
35624
21886
22456
22578
7067
35622
37704
10286
7079
22451
37703
22457
22575
52332
76058
76057
12803
22452
23571
22576
7070
7972
80816
7068
7076
90636
90637
52333
76059
22572
40248
52336
54464
52330
52334
52337
76060
35621
52335
22445
11137
16204
11083
22449
6339
52555
11176
34054
22446
52721
10998
52719
74249
11174
10978
6217
10939
34052
22450
11175
11177
74248
6338
10940
16203
74247
34057
14343
74250
11128
41745
52718
52722
11138
22447
34055
11084
10938
11139
11178
14344
11134
16202
20725
11135
22462
74252
6218
22448
34056
11130
65358
11145
25844
25845
16207
11082
25843
44452
74251
34053
52720
52723
105718
22461
16206
11144
36898
46849
22463
89738
6374
49640
6216
41741
44451
206759
3820
3821
2453
8838
72238
2450
3355
3356
8846
785
13466
52986
8831
22785
3357
72234
8839
36907
52988
13465
36901
22786
22791
52983
3819
52985
52987
72235
13464
13463
52984
3369
4625
22792
22789
36903
3358
36906
36905
8845
22787
79011
2447
3818
765
39970
13467
79010
72237
2452
97619
36904
2449
8836
22793
8153
13468
37921
36908
19727
22790
97620
97622
22788
97623
22794
97621
19726
22797
36902
22710
97624
52989
24243
31079
20817
23157
20824
20963
21752
20816
20953
20962
20825
20957
21772
20819
20829
20952
20822
20965
21786
21785
21773
2319
8170
4304
72163
4234
52980
21887
72120
2318
52976
25700
44128
5785
52982
4235
52979
56516
72162
79101
4233
52977
29539
2934
33568
4236
25699
15409
98617
23793
5784
4289
7392
12810
38425
8150
4231
38557
5082
25649
6470
80221
783
8167
17012
6471
5116
7286
15407
15417
4461
15416
15414
19768
29547
38558
38561
8165
29548
15412
15415
8172
25708
15419
19767
8171
15408
15410
33567
8168
8169
25707
4232
8154
20381
17967
52981
36987
49334
30183
23572
72104
72095
72096
72092
36909
17771
2771
3858
3859
2772
10620
52185
23425
12360
23446
52186
53038
23424
3860
23445
36916
54849
7912
12359
58480
2835
2836
2841
36912
2838
72103
2775
3575
18562
36913
2770
72093
2840
18567
53039
7911
3857
72094
23426
41163
11371
17203
52183
12365
12809
6037
3576
36910
2842
51950
11370
37663
97512
65365
23427
22203
2776
7966
12655
23449
23447
3478
3470
23573
3577
23448
36914
3486
36915
87414
22202
87415
36911
80431
12644
35128
44964
97546
11099
37706
3861
52187
80432
87416
52184