22445
11137
16204
11083
22449
6339
52555
11176
34054
22446
52721
10998
52719
74249
11174
10978
6217
10939
34052
22450
11175
11177
74248
6338
10940
16203
74247
34057
14343
74250
11128
41745
52718
52722
11138
22447
34055
11084
10938
11139
11178
14344
11134
16202
20725
11135
22462
74252
6218
22448
34056
11130
65358
11145
25844
25845
16207
11082
25843
44452
74251
34053
52720
52723
105718
22461
16206
11144
36898
46849
22463
89738
6374
49640
6216
41741
44451
206759