2319
8170
4304
72163
4234
52980
21887
72120
2318
52976
25700
44128
5785
52982
4235
52979
56516
72162
79101
4233
52977
29539
2934
33568
4236
25699
15409
98617
23793
5784
4289
7392
12810
38425
8150
4231
38557
5082
25649
6470
80221
783
8167
17012
6471
5116
7286
15407
15417
4461
15416
15414
19768
29547
38558
38561
8165
29548
15412
15415
8172
25708
15419
19767
8171
15408
15410
33567
8168
8169
25707
4232
8154
20381
17967
52981
36987
49334