4603
2677
5504
6308
21071
13760
35562
3731
21153
6361
74866
8365
41805
53070
13888
62778
13889
12203
5503
5468
67229
74861
3685
13759
53068
6289
12207
62791
27422
74838
12037
3173
12208
7974
6291
62781
74860
6303
74660
74856
74863
3712
3404
1468
53064
74841
2674
5471
75014
12184
74837
13756
2673
12205
53072
2672
43010
43013
62779
53063
62784
2251
62780
53065
24477
43009
53066
53071
74857
74833
41803
74839
769
13758
53062
74865
1015
41810
43011
27681
3730
5465
27425
27437
53067
74845
12202
27429
41808
41813
74846
74864
35285
41800
41802
74859
27438
27674
74843
74853
6362
27671
41807
3667
22644
33823
2924
5466
12223
62783
74851
27677
41814
13754
27668
74661
74844
85585
74840
74847
2675
20424
62785
6889
62782
34736
41809
43012
74848
74850
41806
102539
5469
74659
43571
43646
27439
79246
2665
4655
43647
102543
6317
8959
53069
74849
102536
102538
1080
5470
27669
31670
41801
43501
74834
74854
21024
27435
43652
74852
102542
3172
12204
36782
41812
35794
79250
730
74662
723
33824
27682
37588
74842
102541
5467
12206
23676
44834
85583
37838
85584
102537
102540
731
31671
43572
85506
3174
74832
86100
2886
27678
38272
75015
27444
34742
34744
37837
38625
44856
729
34735
34737
34738
34739
34740
34741
34743
34745
34746
38270
38271
39526
39527
41804
41811
62549