72104
72095
72096
72092
36909
17771
2771
3858
3859
2772
10620
52185
23425
12360
23446
52186
53038
23424
3860
23445
36916
54849
7912
12359
58480
2835
2836
2841
36912
2838
72103
2775
3575
18562
36913
2770
72093
2840
18567
53039
7911
3857
72094
23426
41163
11371
17203
52183
12365
12809
6037
3576
36910
2842
51950
11370
37663
97512
65365
23427
22203
2776
7966
12655
23449
23447
3478
3470
23573
3577
23448
36914
3486
36915
87414
22202
87415
36911
80431
12644
35128
44964
97546
11099
37706
3861
52187
80432
87416
52184